20 749476
21 1046105
22 1362492
23 1685137
24 1995781
25 2266732
26 2530212
27 2752682
28 2944486
29 3098579
30 3205296
31 3290013
32 3353847
33 3387485
34 3399398
35 3389949
36 3366368
37 3329580
38 3280693
39 3220635
40 3155598
41 3083582
42 3005797
43 2924461
44 2841139
45 2755853
46 2669377
47 2582154
48 2492329
49 2406225
50 2318643
51 2231020
52 2144161
53 2060364
54 1976353
55 1893593
56 1811076
57 1731196
58 2855036
59 1575719
60 1498857
61 1424230
62 1350331
63 1277672
64 1207117
65 1136303
66 1067985
67 1696478
68 931468.2
69 1047235
70 781752.1
71 717998.6
72 654803.3
73 590603.5
74 526467.1
75 461396.5
76 390791.9
77 320848
78 251089.5
79 138719.2
80 0
81 0
82 0
83 0
84 0
85 0
86 0
87 0
88 0
89 0
90 0
91 0
92 0
93 0
94 0
95 0
96 0
97 0
98 0
99 0
100 0
101 0
102 0
103 0
104 0
105 0
106 0
107 0
108 0
109 0
110 0
111 0
112 0
113 0
114 0
115 0
116 0
117 0
118 0
119 0
120 0
121 0
122 0
123 0
124 0
125 0
126 0
127 0
128 0
129 0
130 0
131 0
132 0
133 0
134 0
135 0
136 0
137 0
138 0
139 0
140 0
