20 2317.74961385531
21 7197.86108720751
22 18380.237366934
23 40550.5851228293
24 78218.4279218497
25 135153.138151445
26 217250.774051419
27 324903.094146371
28 458890.051998952
29 616275.50990719
30 790875.014963479
31 983613.767686807
32 1187506.19638117
33 1397263.32810658
34 1609282.02320367
35 1815227.27287158
36 2016717.68090028
37 2208010.35545493
38 2389693.97300586
39 2553850.64608419
40 2709049.99233071
41 2845494.85955049
42 2968325.31309478
43 3075831.00899404
44 3169337.84651327
45 3250114.9315524
46 3317327.0651509
47 3372086.5613061
48 3413754.82752031
49 3446364.14332153
50 3467340.51877191
51 3479993.87006314
52 3482390.51714828
53 3480888.80011896
54 3471591.74279397
55 3455824.93970831
56 3432980.69648746
57 3406565.89442718
58 22778243.0601003
59 3344238.85440747
60 3305323.9970232
61 3264269.54148602
62 3223036.94383562
63 3176862.05550379
64 3132156.36236965
65 3082364.05013151
66 3034075.98121736
67 15410393.2898117
68 2932054.21766142
69 6174343.76997367
70 2594397.51235131
71 2554081.35831536
72 2512926.98752759
73 2473282.7940692
74 2430978.69291842
75 2389114.84136061
76 2345463.18069892
77 2302449.2988468
78 2260564.80330614
79 2216710.23146481
80 2172884.57336243
81 2129371.23134978
82 2087694.31284268
83 2044407.58156969
84 2000954.27000425
85 1957776.47426295
86 1915721.86466001
87 1874725.48494008
88 1832837.67291849
89 1790528.8130232
90 1750313.65196528
91 1708724.63081254
92 1669211.45887078
93 1628913.69966664
94 1588764.60244214
95 1550662.57073895
96 1511782.26064002
97 1473073.6626196
98 1435774.39565512
99 1397622.28364345
100 1361610.22771602
101 1325249.75748905
102 1288836.46154055
103 1252946.73984003
104 1218007.83453301
105 1182650.96900334
106 1148263.81662987
107 1114252.46022681
108 1079600.99983086
109 1046439.89451307
110 1013495.8301087
111 980740.841993328
112 948834.678780378
113 916773.098391525
114 884367.946986077
115 853606.792360695
116 822045.302525195
117 791295.020706391
118 760435.597040065
119 729734.865515014
120 699835.754373598
121 669337.617755428
122 639219.023622306
123 609882.301542672
124 579587.925216339
125 549847.118884728
126 520496.880651572
127 490453.410789808
128 460883.737582355
129 431538.078318603
130 401084.966085838
131 371078.567133861
132 340606.182495016
133 307483.942274204
134 275456.398614727
135 243635.137812672
136 212042.765480428
137 181096.446191717
138 124182.491444344
139 61251.9096984471
140 0
