1   0
2   1.203123e-239
3   1.399319e-94
4   2.440610e-45
5   6.462556e-24
6   3.431294e-13
7   3.092456e-07
8   1.503648e-03
9   2.693654e-01
10   5.304080e+00
11   3.682592e+01
12   1.554197e+02
13   4.800906e+02
14   1.235704e+03
15   2.553525e+03
16   4.474815e+03
17   6.972179e+03
18   9.869830e+03
19   1.296280e+04
20   1.612894e+04
21   1.914487e+04
22   2.183553e+04
23   2.414357e+04
24   2.632175e+04
25   2.821191e+04
26   2.950794e+04
27   3.045558e+04
28   3.118770e+04
29   3.174045e+04
30   3.189642e+04
31   3.186740e+04
32   3.171965e+04
33   3.129250e+04
34   3.082463e+04
35   3.036338e+04
36   2.968890e+04
37   2.890994e+04
38   2.811328e+04
39   2.710112e+04
40   2.618798e+04
41   2.534724e+04
42   2.447031e+04
43   2.366068e+04
44   2.279854e+04
45   2.171855e+04
46   2.059034e+04
47   1.968417e+04
48   1.889023e+04
49   1.796161e+04
50   1.692122e+04
51   1.602084e+04
52   1.509498e+04
53   1.422108e+04
54   1.333716e+04
55   1.241493e+04
56   1.158461e+04
57   1.076301e+04
58   9.990592e+03
59   9.014708e+03
60   8.061490e+03
61   7.389836e+03
62   6.702605e+03
63   5.792618e+03
64   4.847839e+03
65   4.064295e+03
66   3.307551e+03
67   2.597316e+03
68   1.828276e+03
69   9.472069e+02
70   0
71   0
72   0
73   0
74   0
75   0
76   0
77   0
78   0
79   0
80   0
81   0
82   0
83   0
84   0
85   0
86   0
87   0
88   0
89   0
90   0
91   0
92   0
93   0
94   0
95   0
96   0
97   0
98   0
99   0
100   0
101   0
102   0
103   0
104   0
105   0
106   0
107   0
108   0
109   0
110   0
111   0
112   0
113   0
114   0
115   0
116   0
117   0
118   0
119   0
120   0
121   0
122   0
123   0
124   0
125   0
126   0
127   0
128   0
129   0
130   0
131   0
132   0
133   0
134   0
135   0
136   0
137   0
138   0
139   0
140   0