0.0050   36.1075
    0.0060   20.8466
    0.0070   13.0918
    0.0080    8.7517
    0.0090    6.1567
    0.0100    4.4963
    0.0110    3.4281
    0.0120    2.6772
    0.0130    2.1335
    0.0140    1.7298
    0.0150    1.4235
    0.0160    1.2130
    0.0170    1.0442
    0.0180    0.9070
    0.0190    0.7942
    0.0200    0.7005
    0.0210    0.6405
    0.0220    0.5882
    0.0230    0.5424
    0.0240    0.5020
    0.0250    0.4663
    0.0260    0.4345
    0.0270    0.4060
    0.0280    0.3805
    0.0290    0.3574
    0.0300    0.3366
    0.0310    0.3246
    0.0320    0.3135
    0.0330    0.3031
    0.0340    0.2933
    0.0350    0.2842
    0.0360    0.2756
    0.0370    0.2676
    0.0380    0.2600
    0.0390    0.2528
    0.0400    0.2460
    0.0410    0.2418
    0.0420    0.2377
    0.0430    0.2339
    0.0440    0.2302
    0.0450    0.2266
    0.0460    0.2231
    0.0470    0.2198
    0.0480    0.2167
    0.0490    0.2136
    0.0500    0.2106
    0.0510    0.2086
    0.0520    0.2065
    0.0530    0.2046
    0.0540    0.2027
    0.0550    0.2008
    0.0560    0.1990
    0.0570    0.1973
    0.0580    0.1956
    0.0590    0.1939
    0.0600    0.1923
    0.0610    0.1911
    0.0620    0.1899
    0.0630    0.1888
    0.0640    0.1877
    0.0650    0.1866
    0.0660    0.1855
    0.0670    0.1845
    0.0680    0.1834
    0.0690    0.1824
    0.0700    0.1815
    0.0710    0.1805
    0.0720    0.1795
    0.0730    0.1786
    0.0740    0.1777
    0.0750    0.1768
    0.0760    0.1759
    0.0770    0.1751
    0.0780    0.1742
    0.0790    0.1734
    0.0800    0.1726
    0.0810    0.1719
    0.0820    0.1712
    0.0830    0.1706
    0.0840    0.1699
    0.0850    0.1693
    0.0860    0.1686
    0.0870    0.1680
    0.0880    0.1674
    0.0890    0.1668
    0.0900    0.1662
    0.0910    0.1657
    0.0920    0.1651
    0.0930    0.1645
    0.0940    0.1640
    0.0950    0.1634
    0.0960    0.1629
    0.0970    0.1623
    0.0980    0.1618
    0.0990    0.1613
    0.1000    0.1608
    0.1010    0.1603
    0.1020    0.1598
    0.1030    0.1593
    0.1040    0.1589
    0.1050    0.1584
    0.1060    0.1579
    0.1070    0.1575
    0.1080    0.1570
    0.1090    0.1566
    0.1100    0.1562
    0.1110    0.1557
    0.1120    0.1553
    0.1130    0.1549
    0.1140    0.1545
    0.1150    0.1540
    0.1160    0.1536
    0.1170    0.1532
    0.1180    0.1528
    0.1190    0.1524
    0.1200    0.1521
    0.1210    0.1517
    0.1220    0.1513
    0.1230    0.1509
    0.1240    0.1505
    0.1250    0.1502
    0.1260    0.1498
    0.1270    0.1494
    0.1280    0.1491
    0.1290    0.1487
    0.1300    0.1484
    0.1310    0.1480
    0.1320    0.1477
    0.1330    0.1473
    0.1340    0.1470
    0.1350    0.1467
    0.1360    0.1463
    0.1370    0.1460
    0.1380    0.1457
    0.1390    0.1454
    0.1400    0.1451
    0.1410    0.1447
    0.1420    0.1444
    0.1430    0.1441
    0.1440    0.1438
    0.1450    0.1435
    0.1460    0.1432
    0.1470    0.1429
    0.1480    0.1426
    0.1490    0.1423
    0.1500    0.1420
    0.1510    0.1417
    0.1520    0.1414
    0.1530    0.1411
    0.1540    0.1408
    0.1550    0.1405
    0.1560    0.1402
    0.1570    0.1399
    0.1580    0.1397
    0.1590    0.1394
    0.1600    0.1391
    0.1610    0.1388
    0.1620    0.1385
    0.1630    0.1382
    0.1640    0.1380
    0.1650    0.1377
    0.1660    0.1374
    0.1670    0.1372
    0.1680    0.1369
    0.1690    0.1366
    0.1700    0.1364
    0.1710    0.1361
    0.1720    0.1359
    0.1730    0.1356
    0.1740    0.1353
    0.1750    0.1351
    0.1760    0.1348
    0.1770    0.1346
    0.1780    0.1343
    0.1790    0.1341
    0.1800    0.1339
    0.1810    0.1336
    0.1820    0.1334
    0.1830    0.1331
    0.1840    0.1329
    0.1850    0.1327
    0.1860    0.1324
    0.1870    0.1322
    0.1880    0.1320
    0.1890    0.1318
    0.1900    0.1315
    0.1910    0.1313
    0.1920    0.1311
    0.1930    0.1309
    0.1940    0.1306
    0.1950    0.1304
    0.1960    0.1302
    0.1970    0.1300
    0.1980    0.1298
    0.1990    0.1296
    0.2000    0.1294